10	100362079	100362258	A
10	100913160	100913339	ga
10	101007506	101007685	C
10	1017130	1017309	0
10	101785947	101786126	0
10	102148422	102148523	C
10	102480540	102480719	0
10	102813848	102814027	0
10	103086896	103087075	0
10	1075098	1075277	gc
10	1080011	1080106	0
10	110285337	110285516	0
10	1129545	1129724	gt
10	113902470	113902593	A
10	1163084	1163263	0
10	118682958	118683137	A
10	119926034	119926178	A
10	123163748	123163927	T
10	123164518	123164697	ta
10	128097921	128098100	0
10	130183895	130184074	T
10	13318733	13318912	A
10	133309886	133309977	0
10	133458011	133458190	ga
10	133464856	133464931	0
10	13587049	13587149	0
10	17237226	17237318	ca
10	21534645	21534771	ga
10	21612345	21612451	0
10	22537069	22537200	0
10	24158136	24158225	0
10	27165062	27165170	0
10	28620312	28620491	gt
10	29409572	29409658	0
10	3146545	3146724	gt
10	3166172	3166351	0
10	35570516	35570695	0
10	3778409	3778588	0
10	43387536	43387684	T
10	4908351	4908421	0
10	49973106	49973285	0
10	5765498	5765677	ca
10	60787265	60787444	gt
10	60793866	60794045	T
10	6114163	6114314	0
10	6233379	6233558	ca
10	63621443	63621622	0
10	68342405	68342584	T
10	68755418	68755537	gt
10	69171188	69171367	A
10	70099168	70099347	0
10	70426196	70426375	T
10	72692212	72692306	0
10	72868772	72868866	0
10	72871485	72871581	0
10	73759621	73759795	0
10	73769216	73769337	ga
10	73771934	73772113	ct
10	73773416	73773595	0
10	73775516	73775674	0
10	73791954	73792133	0
10	73813192	73813371	ga
10	74120937	74121116	0
10	74655960	74656138	ga
10	77790976	77791155	T
10	78054585	78054764	ga
10	80518325	80518504	ct
10	812075	812254	0
10	87552546	87552725	ct
10	91939948	91940066	ta
10	92593147	92593282	ga
10	93059007	93059186	ga
10	94592393	94592508	T
10	96521860	96522039	ga
10	97432565	97432744	0
10	97674665	97674844	C
10	97714560	97714739	ca
10	97754726	97754824	ca
10	97760671	97760850	ga
10	98244345	98244524	0
10	99927209	99927302	0
1	100345028	100345183	0
1	100979425	100979604	A
1	10180098	10180277	ta
1	10268150	10268245	0
1	10307410	10307589	0
1	10377237	10377416	ga
1	10462707	10462886	0
1	108636945	108637124	ct
1	108701218	108701397	T
1	108796615	108796726	0
1	108930956	108931135	gt
1	109095918	109096097	A
1	109274448	109274627	G
1	109313106	109313285	ca
1	109628641	109628814	gc
1	11025099	11025278	0
11	10271345	10271524	ta
11	106091314	106091446	0
11	108106525	108106704	T
1	11107171	11107350	ta
11	111739541	111739720	ct
11	112062688	112062867	0
1	111440934	111441113	T
1	111461582	111461761	0
11	117167514	117167693	0
11	117362403	117362539	ta
11	117393002	117393127	ga
11	118077038	118077212	ga
11	118488612	118488760	0
11	118522962	118523141	0
11	118632205	118632297	0
11	118751739	118751918	gt
11	118895100	118895279	0
11	118897953	118898132	ct
11	119011219	119011311	0
11	119018767	119018946	gt
11	119094043	119094222	G
11	119116367	119116546	gt
11	119305057	119305236	0
11	120485148	120485327	ga
11	121087404	121087583	ct
11	12242668	12242778	ca
11	123059845	123060024	0
11	124632481	124632660	ga
11	125584324	125584503	0
11	125644510	125644634	0
11	126277036	126277177	0
1	112670133	112670259	0
11	1274729	1274908	0
11	127940546	127940725	A
1	112912448	112912627	A
11	129863845	129864024	ct
11	130143924	130144103	ga
11	13728957	13729136	ca
1	113976328	113976507	T
1	114397389	114397568	ct
1	114717009	114717188	0
11	17375294	17375473	ct
1	11786825	11787004	0
11	18609037	18609216	T
11	18609299	18609478	0
11	18665511	18665690	0
1	119032922	119033101	ca
1	12012190	12012369	ct
11	205303	205469	0
1	12208926	12209105	A
1	12497500	12497631	0
1	12511285	12511464	0
11	251818	251936	0
11	2883364	2883543	0
11	3030054	3030233	ga
1	1318916	1319095	0
11	33068701	33068859	gt
11	33338754	33338843	0
1	1335956	1336135	C
1	1337447	1337626	0
11	33858809	33858988	A
11	3401757	3401867	0
11	34453089	34453196	0
1	13731016	13731120	0
1	13773076	13773194	A
1	13773077	13773194	A
1	1386203	1386382	ca
11	4138193	4138317	0
11	43897227	43897354	0
11	45932080	45932259	0
1	145993204	145993382	T
11	46383592	46383771	0
11	46396811	46396990	ga
11	47174883	47175062	gt
1	147252621	147252711	0
11	47471949	47472103	A
11	47471949	47472128	A
11	47571765	47571944	gt
11	47778879	47779058	0
11	47839541	47839720	0
1	148287920	148288099	ct
1	150496808	150496909	0
1	150574905	150575084	0
1	150622652	150622831	0
1	150624864	150625043	ga
1	150811813	150811992	ga
1	150813233	150813340	0
1	151051835	151052014	ct
1	151248385	151248564	T
1	151291711	151291890	T
1	151292193	151292372	0
1	151400930	151401109	ga
1	152014034	152014131	0
1	1533360	1533539	0
1	153642729	153642908	ta
1	153644500	153644679	0
1	153807157	153807336	0
1	153928627	153928767	C
1	153959701	153959880	0
1	154156309	154156488	0
1	154158520	154158699	T
1	15429723	15429902	gt
1	154974687	154974866	0
1	155017527	155017706	C
1	155054401	155054506	ca
1	155058699	155058789	ct
1	155138176	155138345	0
1	155322285	155322464	0
1	155325317	155325491	0
1	155915282	155915461	0
1	156011772	156011951	ga
1	156136705	156136884	gt
1	156137914	156138093	ct
1	156138489	156138668	0
1	156139683	156139862	0
1	156249607	156249786	G
1	156467198	156467377	T
1	15659835	15660014	0
11	5665199	5665378	ta
11	57817223	57817402	0
11	57818746	57818925	ct
1	15807569	15807696	0
11	58579185	58579364	G
1	15939731	15939910	T
11	59801579	59801758	0
1	159918310	159918489	0
1	159919003	159919182	ct
1	160239911	160240042	0
1	160343273	160343448	ga
11	608584	608763	0
1	160996966	160997145	0
1	161170404	161170523	ct
1	161363944	161364123	0
11	61367506	61367685	ta
11	61404369	61404548	0
1	161509813	161509990	0
1	161607883	161608062	0
11	61786310	61786489	0
11	61801263	61801442	0
1	162522644	162522823	T
11	62667272	62667397	0
11	62676694	62676873	0
11	62676813	62676926	0
11	62677939	62678118	ct
11	62714878	62715057	T
11	62765651	62765724	0
11	62796460	62796567	0
11	62799440	62799619	ct
11	63758545	63758724	A
11	63909238	63909371	gt
1	16395269	16395448	C
11	63997547	63997690	C
11	64229381	64229560	0
11	64319732	64319868	0
1	16443634	16443733	0
1	16459951	16460087	A
11	64765323	64765453	A
11	64765323	64765502	A
11	6482315	6482494	0
11	65125725	65125893	0
11	65128148	65128327	ga
11	65352742	65352921	G
11	65422774	65422900	gc
11	65434863	65435042	gt
11	65504591	65504770	0
11	65655270	65655449	ca
11	65718701	65718880	ct
1	165727099	165727278	ga
11	65856026	65856205	0
11	65860401	65860526	0
11	6613044	6613223	ct
11	66243842	66244021	C
11	66276639	66276818	0
1	1663778	1663957	A
11	66685717	66685896	0
1	166852723	166852902	0
11	67119937	67120049	0
11	67255748	67255927	ca
1	167371937	167372036	0
11	67434376	67434485	0
11	67441287	67441466	0
1	167787939	167788118	ga
11	68036460	68036630	0
11	68914821	68914949	0
1	169849498	169849605	0
11	70355720	70355811	0
11	71474457	71474636	0
1	171762294	171762466	0
1	171796305	171796484	gt
11	72005576	72005714	0
1	172610433	172610612	T
1	1730509	1730688	ca
11	73395084	73395210	C
11	73900269	73900376	ga
11	74253847	74254026	0
11	74839387	74839566	ct
11	75983386	75983514	A
11	77023462	77023641	0
1	1786842	1787021	ct
1	180111218	180111397	0
1	180113031	180113210	0
1	181090124	181090303	0
1	182383091	182383270	A
11	83157668	83157816	ct
1	183552426	183552605	gt
1	183553796	183553975	gt
11	837251	837354	0
11	85662956	85663135	0
11	85958920	85959045	ga
11	8687730	8687909	T
11	86952277	86952456	ct
11	91115961	91116094	0
11	9139251	9139430	0
1	193058338	193058517	0
1	19338966	19339145	C
11	9445220	9445399	gt
11	94872759	94872938	ct
11	9577421	9577600	ta
11	9588603	9588729	0
1	19908072	19908251	ta
11	994100	994247	0
1	201881505	201881684	G
1	201969564	201969743	T
1	202133002	202133181	ca
1	202891894	202892073	ct
1	203305536	203305697	gc
1	203308391	203308570	0
1	203870621	203870800	0
1	204550099	204550224	T
1	204570657	204570746	0
1	204602938	204603042	ct
1	205147002	205147181	0
1	205715914	205716093	0
1	206587042	206587221	0
1	206732660	206732839	ct
1	206732719	206732839	ct
1	207044315	207044494	0
1	207077157	207077336	0
1	207359545	207359658	ca
1	207677457	207677572	A
12	101714556	101714645	T
12	103772544	103772723	0
12	104315776	104315896	gt
12	104349860	104350039	ga
12	107688647	107688802	ga
12	108646370	108646549	gt
12	109451350	109451529	0
12	109511204	109511310	0
12	109581445	109581552	gt
12	109999186	109999313	0
12	110037357	110037512	ct
12	110347931	110348110	ga
12	110350970	110351090	0
12	110720714	110720893	A
12	111756210	111756349	0
12	112022168	112022290	ga
12	112028679	112028858	ct
12	112148071	112148166	0
12	112507130	112507309	ga
1	211278116	211278241	A
1	211315066	211315245	0
12	116575869	116576039	0
12	116928021	116928129	ta
12	118150295	118150474	C
12	120096021	120096200	0
12	120210790	120210969	G
12	120534771	120534950	0
12	120700894	120701073	G
12	12079420	12079599	ct
12	121240389	121240568	T
12	121776279	121776458	C
12	121831062	121831241	ct
12	121899637	121899816	0
12	122272188	122272367	0
12	122505231	122505410	A
12	122865851	122866030	ca
12	122981655	122981809	0
12	124014404	124014583	T
1	212444337	212444441	0
12	124486327	124486506	gt
12	125078101	125078280	0
12	125118669	125118768	C
1	212620145	212620324	G
12	1263032	1263148	0
12	12721933	12722112	T
12	13061634	13061776	ca
12	131921362	131921531	C
12	132720701	132720880	ca
12	132772700	132772879	ca
12	1495710	1495889	gt
1	21678919	21679098	0
12	1786797	1786976	ga
1	21823420	21823599	0
12	20552601	20552781	ga
1	22091575	22091754	C
12	21501853	21501948	0
12	21501853	21501949	0
12	21501853	21501950	0
12	22058565	22058701	0
1	222641708	222641849	0
1	222733363	222733542	ca
1	224376147	224376326	0
1	224389647	224389826	T
12	24812252	24812431	A
1	225789343	225789522	T
1	226994051	226994230	0
12	2803607	2803786	ct
1	228097850	228097981	0
1	228098080	228098259	T
1	228494689	228494868	gt
12	285332	285455	C
12	285342	285521	C
12	2920760	2920833	0
1	229288742	229288845	0
1	229303897	229304076	0
12	2940687	2940866	0
1	230246061	230246152	0
1	23086811	23086990	0
12	31102424	31102529	ga
1	231694060	231694239	0
12	31992962	31993097	ta
12	32327767	32327946	0
12	32708151	32708225	0
12	32708151	32708226	0
1	233835998	233836177	ca
1	235109403	235109582	T
1	235414430	235414532	0
1	235448784	235448963	T
1	236482655	236482834	0
1	236543427	236543587	ct
1	236548955	236549134	0
1	236810501	236810591	ct
1	23694894	23695073	0
1	23787857	23788036	0
1	23794782	23794961	0
1	23966449	23966578	0
1	241593043	241593222	0
1	241632122	241632301	ct
12	42158651	42158830	ct
12	42335909	42335975	ga
12	4304056	4304235	ct
1	244844794	244844973	0
1	244851599	244851778	0
1	24648873	24649029	A
12	47780667	47780846	0
1	24840986	24841165	ct
12	49019025	49019204	ga
12	49019154	49019333	A
12	49097412	49097591	0
12	49460768	49460909	T
12	49522762	49522853	0
12	49764614	49764793	A
12	50099035	50099214	0
12	50477161	50477340	T
12	50980130	50980309	A
12	51056360	51056503	0
12	53041285	53041464	C
12	53297538	53297717	ga
12	53415749	53415928	0
12	53460077	53460256	T
12	53502014	53502171	0
1	25351626	25351693	0
1	25351626	25351695	0
12	54002738	54002917	ga
12	54017232	54017411	ta
12	54240917	54241096	ta
12	54369796	54369975	C
12	54395950	54396129	G
1	25566856	25567035	0
12	55719698	55719877	gt
12	55972190	55972369	ga
12	55992990	55993169	T
12	56088543	56088656	gt
12	56113786	56113909	0
12	56160332	56160462	0
12	56240633	56240812	A
12	56272474	56272653	A
12	56595057	56595236	0
12	56596221	56596400	0
12	56664049	56664228	0
12	57056112	57056291	0
12	57500398	57500522	gt
12	57516281	57516460	C
12	57528336	57528515	0
12	57601884	57602063	gt
12	57601924	57602063	gt
12	57774626	57774768	0
12	57780993	57781172	A
12	57796466	57796645	0
12	57796724	57796903	T
12	57820961	57821140	ga
1	25832055	25832234	ta
1	25900118	25900249	ct
1	26277490	26277669	ga
12	64694761	64694904	0
12	64716417	64716596	0
12	6584277	6584456	ga
12	6769077	6769178	ga
12	6770756	6770935	C
1	26781112	26781291	A
1	26854874	26855053	0
12	68844414	68844593	0
12	69273480	69273659	T
12	6942799	6942978	0
12	69599862	69600005	0
12	69819639	69819818	0
1	27297061	27297156	gt
1	27307638	27307817	G
1	27336045	27336224	ga
12	74538973	74539152	0
12	76047581	76047718	0
12	76048215	76048394	A
1	27850153	27850332	C
1	27851174	27851353	C
12	79774490	79774669	T
1	28280882	28281061	gt
1	28491696	28491788	0
12	8774669	8774848	T
12	8780606	8780741	0
12	88049796	88049975	T
12	89590813	89590983	T
12	89590813	89590992	T
12	900579	900671	0
12	909349	909528	A
1	29119096	29119275	ct
1	29148748	29148927	ct
12	92142978	92143157	ta
12	93409442	93409621	T
12	93501519	93501698	gt
12	93574907	93575086	C
12	93640833	93640961	0
12	9432366	9432535	0
12	95485879	95485982	ca
1	30872701	30872880	ga
13	100302922	100303000	0
13	102853756	102853872	0
13	106558305	106558484	0
13	110638476	110638655	gt
13	110638522	110638655	gt
13	110638529	110638655	gt
13	111217677	111217772	0
13	111305532	111305711	gt
13	112882587	112882766	gt
13	113229651	113229830	ct
13	113641173	113641352	T
13	19564485	19564665	0
13	20058575	20058664	0
1	32038557	32038628	0
1	32042629	32042808	0
1	32094782	32094892	ca
13	21628448	21628627	0
1	32173826	32174005	T
1	32195834	32196013	ct
1	32367530	32367709	0
13	27650041	27650146	0
1	32858091	32858270	0
13	29509500	29509679	T
1	33008191	33008370	0
1	33031029	33031195	0
13	30459195	30459374	A
13	32758562	32758653	0
1	33324881	33325022	0
13	37005919	37006025	0
13	41374736	41374839	0
13	45465038	45465210	ct
13	46126290	46126469	gt
13	48303747	48303922	gc
13	48328246	48328336	0
13	49136426	49136601	0
13	49259344	49259434	0
13	49291684	49291821	gt
13	49700491	49700670	0
13	50492649	50492754	0
13	50527865	50527981	0
1	35093932	35094084	0
13	52643490	52643669	A
1	35919152	35919254	0
1	35921101	35921280	gt
1	35972045	35972224	ct
1	36304102	36304281	C
1	3631097	3631276	ga
1	36319675	36319825	ga
1	3634027	3634206	gt
1	36341551	36341730	0
13	72854065	72854158	0
1	37537252	37537431	ta
13	79553179	79553358	ta
1	38023688	38023867	ta
1	3812853	3813032	A
1	39004615	39004794	0
13	91352746	91352925	0
1	39486340	39486519	0
13	97222426	97222533	0
1	39752907	39753053	0
13	98452031	98452210	ca
13	99386164	99386343	0
1	40423135	40423314	gt
14	100277643	100277822	ca
14	102080835	102081014	0
14	102726519	102726698	ct
14	103136039	103136218	0
14	103679380	103679518	0
14	103679380	103679537	0
14	103685637	103685768	ct
14	103701253	103701432	gt
14	104714644	104714823	0
14	104756211	104756390	gt
14	105210346	105210525	0
14	105469840	105469917	G
14	21074854	21075033	0
14	21351766	21351945	ta
14	21487536	21487694	G
14	22611447	22611626	gt
14	22770459	22770622	ga
14	23058683	23058862	0
14	23127116	23127261	ga
14	23325451	23325630	0
14	23477243	23477357	ga
14	23639804	23639896	0
14	23642342	23642521	ca
14	23990283	23990359	gt
14	23995042	23995133	0
14	24099820	24099999	ga
14	24151576	24151670	0
14	24151782	24151870	0
14	24213203	24213382	0
14	24437339	24437518	0
1	42746437	42746616	0
1	42746761	42746911	G
1	42824547	42824660	A
14	28768938	28769117	gt
1	42926138	42926317	ta
14	30895122	30895301	T
1	43412658	43412791	ta
14	37503456	37503635	ga
1	43801279	43801357	A
1	43879341	43879509	ga
14	39182987	39183166	ga
1	44650500	44650679	C
1	44651327	44651506	ct
1	45013715	45013894	0
1	45014727	45014836	T
14	55424905	55425084	A
1	45627950	45628129	ta
14	57204195	57204374	0
14	57412276	57412455	T
14	58298545	58298700	gc
14	59369316	59369495	ca
1	46021949	46022082	0
14	60294705	60294884	T
14	60981390	60981569	0
14	61037057	61037142	0
1	46279068	46279247	ga
1	46363643	46363822	ga
14	65075618	65075797	0
14	69398867	69399046	G
14	69428561	69428687	T
14	69766407	69766586	A
14	69770400	69770540	T
14	69771866	69772004	0
1	47216611	47216790	0
14	73717690	73717869	0
1	47378029	47378208	0
14	73860538	73860657	A
14	74483214	74483358	0
14	74798515	74798694	ga
14	75134647	75134826	0
14	75470817	75470996	0
14	75776755	75776851	0
14	76171841	76171930	0
14	81474544	81474723	A
14	88824573	88824688	gc
14	90043538	90043717	ta
14	99514639	99514818	G
1	51355370	51355549	ct
1	52352267	52352446	A
15	25374775	25374954	0
1	52756453	52756625	A
15	28655270	28655408	0
1	52988027	52988122	0
1	53050262	53050441	0
15	30635070	30635189	0
15	31374062	31374241	gt
15	34225534	34225658	T
15	34979302	34979481	0
15	34979584	34979763	C
15	40019092	40019202	0
15	40036359	40036501	ct
15	40389488	40389612	0
15	40389505	40389612	0
15	40466659	40466838	0
15	40731254	40731433	gt
15	40979998	40980177	0
15	41280613	41280792	T
15	41481897	41482076	G
15	41768562	41768741	0
1	54212498	54212644	0
15	42160632	42160753	ct
15	42416556	42416735	0
15	42531782	42531961	T
15	43185282	43185461	0
15	43360694	43360873	ga
15	43383385	43383504	ga
15	43771241	43771420	0
15	43794849	43795028	gt
15	44562568	44562747	0
15	45070157	45070336	G
15	45415585	45415687	0
15	45608913	45609092	A
1	54851941	54852120	ca
15	49327951	49328118	0
15	50357727	50357906	ga
1	55052321	55052412	0
1	55066806	55066985	A
15	51448403	51448582	0
15	51887588	51887711	gt
15	52550132	52550311	0
15	57629702	57629859	0
15	57709094	57709273	0
15	57954429	57954608	ca
15	58596997	58597176	ca
15	58771375	58771554	0
15	63042783	63042943	0
15	63306615	63306794	ct
15	63556667	63556750	0
15	64143194	64143373	0
15	64156504	64156683	0
15	64684064	64684243	0
15	64687574	64687723	ca
15	65554885	65554960	0
15	66703737	66703916	gc
15	67194253	67194432	0
15	69421998	69422130	ca
15	70049952	70050096	0
15	72350547	72350726	0
15	72584123	72584302	0
15	72751727	72751906	0
15	74025546	74025725	0
15	74034777	74034956	ta
15	74409443	74409622	C
15	74621503	74621682	0
15	74802860	74803039	G
15	74901951	74902065	0
15	74901951	74902130	0
15	75211459	75211638	ct
15	75338335	75338500	0
15	75338354	75338420	0
15	75371769	75371948	ca
15	75657709	75657888	0
15	77483422	77483601	0
15	78499533	78499712	ta
15	78891131	78891277	0
15	79322399	79322578	0
15	82343117	82343216	0
15	82414630	82414809	ct
15	83609267	83609441	0
1	58781912	58782074	T
15	88990114	88990246	0
15	89197658	89197837	ca
15	89305605	89305698	0
15	89629800	89629979	ca
15	90264720	90264816	0
15	90643666	90643845	G
15	90883314	90883457	T
15	90919766	90919866	0
15	90919788	90919945	ca
15	90940313	90940473	ga
15	92946077	92946216	0
15	93025132	93025311	gt
15	94856593	94856772	0
15	96339548	96339727	gt
16	10431105	10431284	0
16	11316431	11316580	0
16	1675494	1675673	ct
16	1678277	1678357	gc
16	1706272	1706451	gc
16	1768963	1769142	0
1	6185786	6185965	0
16	18784461	18784640	ga
16	19523952	19524088	gt
16	1977514	1977676	gt
16	1986858	1987037	0
16	20735059	20735238	T
16	2088889	2089068	ca
16	2113169	2113293	0
16	21180485	21180614	0
16	21656195	21656374	T
16	2176878	2177057	gt
16	2178086	2178265	G
16	21965408	21965509	0
16	2209247	2209416	0
1	6222028	6222207	0
16	22273660	22273752	0
16	23466332	23466511	ca
16	23522845	23523024	0
16	23570830	23571009	gt
16	23669448	23669627	0
16	24919931	24920110	0
16	2503080	2503259	T
16	259480	259600	gt
16	259482	259600	gt
16	2600232	2600411	ca
16	2603636	2603727	0
16	2707853	2708032	gt
16	28873449	28873589	ga
16	28873466	28873589	ga
16	28873821	28873980	C
16	28985004	28985183	0
16	2949137	2949316	0
16	29664032	29664211	ct
16	29665581	29665760	0
16	2972689	2972868	0
16	29804610	29804789	ct
16	29809350	29809529	C
16	29810413	29810592	ca
16	29996547	29996617	0
16	30005218	30005391	C
16	30063917	30064096	ga
16	30084932	30085057	0
16	30350767	30350939	0
16	30357293	30357472	G
16	30429091	30429270	0
16	30713516	30713630	0
16	30894859	30895038	ca
16	31110399	31110499	0
16	31130033	31130158	0
16	31130867	31131046	G
1	634630	634809	T
16	3485925	3486104	0
16	3661373	3661552	G
16	3725886	3726065	0
16	398724	398903	0
16	412095	412238	0
16	4455900	4456079	0
16	46661096	46661275	A
16	4690291	4690470	0
16	47699944	47700123	0
16	4804956	4805135	gt
16	48296052	48296167	0
16	48361100	48361279	ca
16	48361958	48362137	ga
16	4880521	4880700	gt
16	51646781	51646915	0
16	56362674	56362853	0
16	56431684	56431863	T
16	576176	576355	0
1	6594212	6594391	ca
1	6621686	6621865	T
1	6634943	6635122	A
16	648324	648474	T
16	66617758	66617937	0
16	66723176	66723355	0
16	669089	669268	G
16	67168823	67168939	ga
16	67883134	67883313	0
16	67943515	67943694	0
16	680180	680359	gt
16	682263	682442	0
16	68274677	68274779	0
16	68299030	68299209	0
16	68833891	68834070	ta
16	69119940	69120119	0
16	69703263	69703442	0
1	66987667	66987846	gt
16	70573462	70573641	0
16	70662581	70662760	ga
1	67169532	67169638	0
16	71729476	71729655	0
16	71854625	71854804	0
16	71883204	71883383	0
16	71928501	71928680	0
16	72098702	72098794	0
1	67240178	67240271	0
1	67258529	67258708	ta
16	728883	729062	G
1	67412646	67412825	ca
16	74451706	74451885	0
16	74668225	74668406	A
16	75109658	75109837	0
16	75577278	75577360	ga
1	67688173	67688336	T
16	77199060	77199239	ga
16	793142	793274	0
16	81710160	81710339	C
16	85090768	85090947	ct
16	85673618	85673797	gt
16	85805208	85805387	0
16	85806717	85806896	ga
16	87831397	87831576	0
16	8855054	8855218	0
16	88628756	88628856	0
16	88696832	88697011	ca
16	88738665	88738844	0
16	88809063	88809242	0
16	8893113	8893292	T
16	89100716	89100895	ca
16	89549229	89549337	gt
16	89670803	89670982	gt
16	89738029	89738208	0
16	89738065	89738244	0
16	89738537	89738716	ga
16	9109633	9109812	T
1	69919688	69919839	0
1	70229353	70229532	ct
1	70251197	70251376	0
1	71011758	71011937	A
1	71047145	71047324	0
1	71064653	71064832	0
17	1344694	1344873	0
17	14304154	14304333	0
17	15999519	15999698	gc
17	16470474	16470648	0
17	16746359	16746538	ta
17	16746436	16746538	ct
17	17383465	17383587	0
17	18101495	18101592	0
17	18208216	18208331	ca
17	18324207	18324386	gt
17	18931046	18931225	A
17	2041766	2041876	gc
17	20868487	20868666	ta
17	21001669	21001848	ca
17	2386777	2386900	G
17	2416285	2416464	A
17	2682925	2683104	gt
17	2683587	2683685	ga
17	2689919	2690098	0
17	27303481	27303636	ta
17	27587150	27587329	0
17	27625458	27625637	0
17	28191122	28191219	0
17	28612412	28612552	ga
17	28614809	28614988	ct
17	28721080	28721259	G
17	28858369	28858488	0
17	28926631	28926730	ga
17	29258221	29258400	0
17	29573905	29574084	ca
17	29613351	29613442	0
17	30248589	30248768	ct
17	30466646	30466825	ct
17	30522614	30522793	0
17	30709584	30709763	T
17	30709721	30709812	G
17	31340554	31340645	0
17	31535727	31535906	0
17	32203889	32203973	0
17	32369286	32369440	ga
17	32369811	32369990	ta
17	32378148	32378327	0
17	35810716	35810895	A
17	35820164	35820243	0
17	36498039	36498218	0
17	36585548	36585727	A
17	36950212	36950327	0
17	37518793	37518939	A
17	38352959	38353033	0
17	38728600	38728779	gt
17	38850420	38850599	ga
17	39404965	39405144	0
17	39659458	39659554	0
17	39980921	39981090	C
17	4164420	4164599	0
17	41691370	41691549	0
17	41976202	41976381	0
17	42023889	42024068	0
17	42023894	42024068	0
17	42125355	42125534	G
17	42315294	42315473	0
17	42402492	42402671	ga
17	42552338	42552517	ga
17	42573083	42573202	ga
17	42579635	42579814	ca
17	42701996	42702175	0
17	4272295	4272474	0
17	42842045	42842224	0
17	43014644	43014823	ca
17	43211043	43211222	0
17	44192788	44192967	0
17	44206844	44207023	C
17	44350371	44350550	T
17	44926271	44926399	0
17	45061355	45061460	0
17	45093684	45093803	0
17	45107534	45107713	0
17	45245007	45245108	0
17	46030298	46030477	A
17	47119438	47119617	0
1	74764694	74764873	ta
17	47682699	47682878	0
17	47847070	47847249	0
17	48059772	48059951	0
17	48070397	48070576	0
17	48576558	48576721	ta
17	48621657	48621836	gc
17	48928571	48928750	G
17	49054353	49054532	C
17	4945658	4945837	T
17	49599659	49599838	ga
17	49828024	49828203	ga
17	50135141	50135319	G
17	5024202	5024381	ga
17	50354492	50354583	0
17	50380017	50380196	0
17	50382471	50382650	C
17	50484442	50484586	gt
17	50750744	50750912	0
17	50751071	50751250	T
17	50751824	50752003	0
17	50752198	50752286	A
17	50964326	50964505	ca
17	514857	515036	ga
17	5421293	5421419	ga
17	55751153	55751332	0
17	56888890	56889069	A
17	56938818	56938997	A
17	57106963	57107142	0
1	75744361	75744535	0
1	75794130	75794234	ga
17	58005113	58005292	ca
17	58353149	58353286	0
17	59111001	59111180	0
17	59838868	59839047	T
17	59947108	59947287	0
17	60446893	60447072	A
17	60600193	60600345	gc
17	61944106	61944285	A
17	63433930	63434109	C
17	63583500	63583634	0
17	63593487	63593666	0
17	63746130	63746309	A
17	64525770	64525882	0
17	64747140	64747319	0
17	67077454	67077633	A
17	68531391	68531570	T
17	6899859	6900036	0
17	7190094	7190273	A
17	7222259	7222438	0
17	7229737	7229916	0
17	7258962	7259141	ct
17	7312170	7312349	ct
17	7442625	7442804	gt
17	746930	747109	C
17	74763371	74763520	0
17	75032761	75032940	G
17	75049218	75049330	0
17	75049219	75049330	0
17	75063725	75063904	0
17	75135665	75135844	ga
17	75236765	75236944	0
17	75242266	75242445	ct
17	75706583	75706762	0
17	75778310	75778489	0
17	75784786	75784965	0
17	75845756	75845935	ta
17	7588069	7588207	0
17	75944255	75944434	ga
17	76144624	76144803	0
17	76718607	76718728	0
17	76734991	76735159	0
17	76735709	76735888	0
17	76736389	76736568	gc
17	7702993	7703127	gt
17	77093786	77093965	0
17	77215254	77215433	T
17	77499243	77499422	0
17	78172169	78172348	C
17	78222857	78222992	A
17	78222857	78222993	A
17	78424056	78424173	0
17	78424057	78424173	0
17	7853725	7853904	A
17	78675360	78675539	0
17	78797777	78797904	ca
17	78797777	78797956	ca
1	77948114	77948293	ca
17	80393934	80394113	ta
17	81558904	81559083	0
17	81673051	81673230	gt
17	8173880	8174059	T
17	81843457	81843636	0
17	81868739	81868875	G
17	81918610	81918789	0
17	82156994	82157173	0
17	8227866	8228045	0
17	82481079	82481219	0
17	82483950	82484129	gt
17	8467574	8467753	ca
1	7983315	7983494	0
18	12192280	12192458	0
18	12325232	12325411	0
18	12449361	12449540	ca
18	12985393	12985572	T
18	13072755	13072849	0
18	13099488	13099581	ta
18	13740166	13740280	ta
18	211894	212073	ct
18	23530385	23530468	0
18	24453195	24453374	ta
18	2703688	2703780	0
18	2732267	2732446	0
18	2802574	2802753	0
18	2919294	2919473	ca
18	32412606	32412785	0
18	35336201	35336380	T
18	3581425	3581604	ca
18	3603738	3603904	ca
18	36142279	36142349	ct
1	84644773	84644952	0
18	49814227	49814406	0
18	51047040	51047219	ga
18	51082842	51083021	0
18	56731506	56731605	0
18	57548642	57548821	0
18	58252000	58252054	0
18	59328246	59328425	0
18	62550346	62550461	0
18	672544	672658	0
18	74508951	74509130	ct
18	75200897	75201076	A
18	9546861	9547040	ta
1	89595284	89595463	T
18	9954317	9954496	T
19	1010376	1010555	G
19	10259602	10259781	0
19	10316902	10317081	A
19	10466987	10467166	0
19	1058820	1058943	0
19	10691000	10691179	ga
19	10775703	10775882	0
19	10909116	10909207	gc
19	10922100	10922279	T
19	11165812	11165991	0
19	11686337	11686516	A
19	12559518	12559691	0
19	12670178	12670285	0
19	12700926	12701105	C
19	1271138	1271246	0
19	1271729	1271908	0
19	1273270	1273449	0
19	12792577	12792756	gc
19	12943723	12943902	0
19	13095381	13095560	ct
19	13140870	13141049	A
19	13927672	13927783	A
19	1393952	1394131	C
19	1394803	1394982	0
19	13960462	13960581	0
19	14092673	14092852	0
19	14170644	14170823	0
19	1434737	1434860	G
19	145466	145648	gt
19	15238093	15238272	0
19	16100450	16100629	0
19	16102588	16102767	0
19	16521114	16521293	0
19	16551617	16551796	T
1	91681446	91681625	ct
19	17213157	17213284	ct
19	17213157	17213294	ct
19	17273903	17274024	0
19	17320420	17320599	ct
19	17338024	17338203	0
19	17726478	17726657	gt
19	18031606	18031737	ca
19	18163260	18163389	ca
19	1824138	1824317	ct
19	18363580	18363759	ga
19	18367666	18367845	gt
19	1852857	1853036	C
19	18568674	18568853	ct
19	18780565	18780744	C
19	18867434	18867613	0
19	18921842	18921935	ct
19	19507285	19507464	gt
19	19534411	19534590	ga
19	19891650	19891829	0
19	2039054	2039233	0
19	21116986	21117165	ta
19	2229388	2229567	gt
19	2231583	2231762	0
19	2271782	2271914	0
19	2430489	2430668	A
19	2755220	2755399	0
19	27793494	27793652	0
19	3053155	3053334	C
19	3053714	3053855	ct
19	3054781	3054960	0
19	3206261	3206426	0
19	3206264	3206426	0
19	3207700	3207879	T
19	32581198	32581328	0
19	33381372	33381551	ga
1	93361873	93362052	0
19	34368593	34368772	ca
19	3490822	3490963	0
19	35014188	35014291	0
19	35167196	35167375	ga
19	35279511	35279690	ct
19	3536605	3536757	gt
19	36237598	36237777	A
19	38730409	38730530	T
19	38836935	38837114	0
19	39307439	39307618	0
19	39383990	39384169	ct
19	39397621	39397800	ct
19	39399427	39399606	A
19	39480412	39480574	T
19	3958558	3958737	ca
19	40231944	40232123	ct
19	40367475	40367654	A
19	40398025	40398204	0
19	40807984	40808163	0
19	41307569	41307748	0
19	42199233	42199412	0
19	42295192	42295327	0
19	43591793	43591972	A
19	44901670	44901849	A
19	4497921	4498031	0
19	4501850	4502029	G
19	45060387	45060468	0
19	45070801	45070955	G
19	45669474	45669565	0
19	45783986	45784165	G
19	46609482	46609661	0
19	47209698	47209877	ga
19	47221499	47221678	0
19	48454632	48454811	0
19	48474179	48474330	0
19	48479372	48479551	0
19	48616441	48616581	0
19	48955686	48955756	G
19	48966052	48966231	0
19	49009780	49009872	0
19	49107890	49108069	0
19	49134027	49134165	0
19	49625608	49625751	G
19	49681908	49682071	0
19	49801712	49801869	0
19	49869508	49869687	A
19	49933501	49933680	0
19	50378155	50378313	0
19	50402449	50402536	0
19	5151564	5151743	0
19	53443326	53443505	0
19	54143660	54143749	0
19	54206634	54206725	0
19	54206634	54206813	ga
19	54458907	54459030	0
19	54461450	54461629	C
19	55262224	55262386	gt
19	55386995	55387174	0
19	55391468	55391647	ct
19	56160719	56160892	gt
19	56319835	56320009	ct
19	57175781	57175960	0
19	57860564	57860743	ct
19	580691	580783	0
19	58206893	58207073	gc
19	58262348	58262528	0
19	58279961	58280140	gt
19	58573562	58573741	gt
1	9603761	9603940	gt
19	616677	616856	C
19	6211015	6211194	gt
1	963108	963246	0
19	6741009	6741126	0
1	96812711	96812823	0
1	9729055	9729234	gc
19	746885	747064	C
19	7471196	7471375	0
19	7558901	7559080	gt
19	7642981	7643049	0
19	7647692	7647871	C
19	7910979	7911151	0
19	7913654	7913833	C
19	7921015	7921119	0
19	805017	805188	ca
19	810918	811097	T
19	8403618	8403797	0
19	991985	992122	0
20	1376796	1376905	0
20	17990270	17990449	G
20	21215581	21215648	0
20	2143947	2144126	T
20	2655345	2655513	0
20	2657680	2657859	T
20	2863287	2863378	0
20	298551	298730	0
20	3110627	3110717	0
20	32166560	32166739	0
20	32428124	32428248	0
20	327739	327918	0
20	32784756	32784856	0
20	32809051	32809230	T
20	32849092	32849271	0
20	3295678	3295856	0
20	33645217	33645396	T
20	34079907	34080006	C
20	34089590	34089729	T
20	34507795	34507972	ga
20	34923357	34923432	0
20	35462287	35462466	0
20	35466982	35467161	0
20	35652012	35652191	0
20	35703610	35703789	ca
20	35823315	35823473	ct
20	35948132	35948311	0
20	36048483	36048662	ca
20	36527505	36527684	ca
20	36605764	36605931	gc
20	36653059	36653238	T
20	3753907	3754086	ga
20	3805846	3806025	ta
20	38129249	38129428	ga
20	3907924	3908034	0
20	3923323	3923502	T
20	408675	408779	C
20	41076182	41076296	0
20	41497432	41497611	0
20	417528	417621	ct
20	44906587	44906766	gt
20	44936626	44936735	0
20	44936635	44936730	0
20	45420506	45420621	0
20	45420524	45420621	0
20	45892393	45892486	0
20	47502843	47503022	ga
20	47654141	47654320	T
20	483610	483789	A
20	49096573	49096752	gt
20	49114387	49114566	ct
20	49634604	49634783	A
20	49952176	49952355	0
20	50082563	50082742	ta
20	50191749	50191928	0
20	50891149	50891328	gt
20	5127058	5127150	0
20	5546318	5546497	ta
20	56518361	56518540	ct
20	58445831	58446010	0
20	58855552	58855644	0
20	58891737	58891827	0
20	58900166	58900345	ct
20	58905402	58905480	0
20	58993622	58993741	0
20	6009774	6009882	0
20	62134408	62134587	T
20	62158670	62158750	0
20	62158671	62158771	0
20	63287770	63287949	0
20	63735348	63735527	0
20	63933402	63933581	ga
20	63958325	63958504	A
20	857035	857214	T
2	101005163	101005342	T
2	10129937	10130116	ct
2	101893111	101893290	0
2	10424889	10425068	0
2	106093584	106093763	T
2	10784407	10784586	ct
2	113239817	113239996	ca
2	113266769	113266948	A
2	113598722	113598901	C
2	113958040	113958219	A
21	18857848	18857950	ga
2	120289666	120289759	0
2	121340089	121340268	0
2	121650210	121650381	T
2	121767286	121767465	T
2	126657536	126657715	ta
2	126685921	126686100	0
2	12741551	12741730	gt
2	128193569	128193748	0
21	29361029	29361180	0
2	131048791	131048970	ga
2	131148084	131148263	0
21	31668470	31668617	0
21	32729012	32729191	T
21	34097771	34097950	gt
21	34790509	34790688	0
2	134956447	134956626	0
2	135135719	135135898	T
2	135782971	135783150	ct
21	37472682	37472861	ga
21	39297008	39297187	A
21	39391317	39391476	gt
21	43693878	43694057	0
21	43761104	43761283	G
21	43984899	43985078	0
21	45265288	45265467	0
21	45265809	45265988	0
21	45513482	45513661	0
21	46190851	46191030	0
21	46249941	46250120	ta
21	46346126	46346208	0
21	46567929	46568108	ta
2	151410414	151410514	0
2	151465220	151465399	ga
21	5157154	5157333	ct
2	152651985	152652164	0
2	152760089	152760268	gt
2	157257828	157257999	0
2	159767640	159767819	T
21	6485536	6485715	T
2	165933876	165934055	0
2	169949966	169950066	A
2	171481310	171481489	T
2	171555186	171555365	0
2	172562219	172562291	0
2	174075006	174075185	0
2	177221640	177221819	0
2	178539099	178539278	ca
2	178571315	178571449	0
2	181892128	181892278	gc
2	182743598	182743719	0
2	189795831	189795953	0
2	197486915	197487045	0
2	200910805	200910984	ca
2	201140356	201140439	0
2	201140356	201140440	0
2	201195840	201195948	0
2	201220078	201220257	0
2	203380285	203380384	0
2	207570227	207570321	0
2	207766287	207766466	0
22	11887950	11888056	A
2	216420303	216420482	0
22	16601945	16602124	C
22	16614246	16614425	T
22	16622838	16622897	0
22	16697551	16697730	0
22	17703278	17703457	ga
22	17727058	17727237	0
22	19132815	19132994	0
2	219219569	219219748	ca
2	219234366	219234516	ca
22	19450503	19450669	0
22	19450503	19450682	0
22	19451156	19451335	A
2	219506303	219506423	0
22	19717604	19717783	ca
22	19723207	19723386	0
22	19849735	19849914	ca
22	19969644	19969823	0
22	19980109	19980288	0
22	20064539	20064699	G
22	20145528	20145707	ga
22	20586705	20586833	ca
22	20953256	20953435	gt
22	20997227	20997406	0
22	21448084	21448263	ca
22	21621672	21621851	0
22	21623028	21623207	gt
22	21695998	21696177	0
22	21697527	21697706	ca
22	21700191	21700370	A
22	21762443	21762622	0
22	21919420	21919588	0
22	21942789	21942968	0
22	22308288	22308467	0
22	22321758	22321872	ga
22	22395237	22395416	0
22	24415863	24416042	0
2	224472280	224472459	A
22	25510696	25510875	ga
22	25723078	25723257	0
22	26027005	26027184	0
22	26492297	26492476	0
22	28001842	28002021	0
22	29312354	29312533	ca
22	29698170	29698349	ct
22	30334185	30334364	0
2	230878798	230878977	0
22	30973133	30973312	ca
22	30978219	30978398	ct
22	31103281	31103460	ga
22	31195466	31195581	gt
22	31326187	31326366	0
22	31561286	31561393	0
2	231712909	231713088	ga
2	231796128	231796307	0
2	231807620	231807774	ct
2	231807646	231807774	ct
2	232260273	232260452	0
2	232330690	232330776	0
22	32490496	32490675	0
2	232697317	232697392	0
2	232859946	232860125	C
2	233445672	233445765	ga
22	35323767	35323889	0
22	35410741	35410847	gt
22	35422897	35423076	gt
22	35502927	35503105	ct
22	36227262	36227403	A
22	36265996	36266144	ga
22	36487830	36488009	0
22	37026793	37026972	G
22	37029207	37029380	0
22	37029216	37029380	0
2	237093917	237094096	C
22	37641381	37641478	0
22	37941417	37941596	ct
22	37968397	37968576	0
22	37987616	37987795	ca
22	38215433	38215612	ct
2	238449915	238450094	ga
22	38484134	38484313	G
22	38732338	38732517	gt
22	38735534	38735713	ga
22	38736037	38736216	ct
22	38982400	38982470	A
22	39489478	39489657	0
22	39984177	39984352	0
2	24016168	24016281	0
22	40325115	40325294	gt
22	40358962	40359038	0
2	240591968	240592147	0
22	40825569	40825748	0
22	40882991	40883170	A
22	40922330	40922504	0
22	41216168	41216262	0
22	41359793	41359972	C
2	241498042	241498221	0
22	41525909	41526088	0
2	241727502	241727681	gt
2	241768598	241768777	gt
22	41873921	41874019	0
22	42584220	42584399	0
22	42776504	42776683	ct
22	43166623	43166757	0
22	43926945	43927124	ct
22	44731734	44731806	0
2	24819435	24819614	0
22	50198686	50198865	0
22	50517575	50517661	ct
2	26390329	26390508	T
2	26792129	26792245	ca
2	27035135	27035258	gt
2	27067492	27067601	ca
2	272223	272402	ca
2	27335607	27335721	0
2	27367844	27368023	ga
2	27370697	27370806	0
2	27634846	27634925	ca
2	30159791	30159970	T
2	30258686	30258865	0
2	42332038	42332217	ta
2	43222459	43222638	ta
2	44230605	44230784	A
2	47463028	47463155	0
2	47475062	47475241	0
2	54972995	54973155	0
2	55235483	55235612	0
2	55435545	55435719	ca
2	55549167	55549346	0
2	61018184	61018330	ct
2	61018189	61018330	ct
2	61021722	61021901	0
2	61177990	61178169	0
2	61478080	61478259	ca
2	65268735	65268908	T
2	66571415	66571594	T
2	69320396	69320575	0
2	69458242	69458421	ga
2	69937017	69937112	0
2	69942337	69942516	T
2	70676241	70676420	gt
2	70988161	70988340	0
2	71398699	71398752	0
2	71590211	71590288	0
2	73946816	73946907	0
2	74391992	74392156	0
2	74455491	74455598	0
2	85321451	85321630	ct
2	85362182	85362260	0
2	85543823	85544002	0
2	86212560	86212739	0
2	86775436	86775615	A
2	8683698	8683877	A
2	87455477	87455645	gt
2	87455477	87455646	gt
2	9484456	9484551	0
2	96281397	96281576	ta
2	96595456	96595610	ca
2	96860022	96860201	C
2	99196235	99196414	0
2	99196405	99196584	T
2	99216003	99216115	0
3	100040107	100040286	T
3	100364353	100364532	ta
3	10096324	10096428	ga
3	10150332	10150511	0
3	101594281	101594435	T
3	101676912	101677042	0
3	10260450	10260629	ga
3	10279230	10279409	ga
3	112995133	112995265	ca
3	113360428	113360606	A
3	113721437	113721616	T
3	11556351	11556530	0
3	11557361	11557540	ga
3	119523659	119523838	0
3	119825799	119825978	A
3	120307650	120307827	0
3	122425248	122425427	0
3	122703771	122703950	0
3	123092354	123092442	0
3	12583870	12584049	0
3	127034326	127034505	0
3	127619148	127619279	0
3	128071084	128071263	0
3	128480648	128480827	0
3	128813624	128813803	ga
3	128813830	128814009	T
3	128865281	128865449	0
3	129170225	129170404	T
3	132660648	132660827	0
3	133587175	133587321	T
3	133589265	133589444	gt
3	136149914	136150093	0
3	139350973	139351062	0
3	140977465	140977644	0
3	141738334	141738513	0
3	141925568	141925747	0
3	143012222	143012353	ct
3	143060562	143060725	T
3	149982019	149982198	0
3	150409213	150409392	ct
3	15050647	15050826	ga
3	150544031	150544210	ta
3	152268892	152269071	0
3	152299002	152299181	ct
3	152462385	152462522	ta
3	15260473	15260582	0
3	153164775	153164954	0
3	156542290	156542469	0
3	158658920	158659071	0
3	160412324	160412440	ga
3	160501324	160501503	G
3	16269121	16269245	0
3	169782463	169782599	ga
3	171063067	171063246	ca
3	179358837	179358933	0
3	179623914	179624086	T
3	182918021	182918150	ct
3	183272872	183273051	T
3	184172025	184172204	ca
3	184183691	184183870	ca
3	184335213	184335357	T
3	184365132	184365227	0
3	185490759	185490938	0
3	186788837	186789016	T
3	186789125	186789279	0
3	191398394	191398573	ct
3	194403705	194403884	ga
3	195666079	195666215	0
3	195863837	195864016	0
3	196050053	196050232	0
3	196735695	196735874	ta
3	196933116	196933295	gt
3	196936771	196936950	0
3	196937363	196937542	0
3	196943115	196943294	0
3	197044211	197044390	ta
3	197674007	197674186	0
3	197782595	197782774	A
3	19984750	19984929	ct
3	23919459	23919638	0
3	23963240	23963332	0
3	32685384	32685488	0
3	32753133	32753233	A
3	33389806	33389985	0
3	33403226	33403366	0
3	33868075	33868254	0
3	36987649	36987828	0
3	37028838	37028934	C
3	37981879	37982058	0
3	39074784	39074950	ca
3	39096112	39096291	ga
3	39408537	39408665	0
3	41236329	41236508	0
3	42620048	42620206	T
3	42647089	42647268	gt
3	42784755	42784934	ta
3	44439894	44440073	0
3	44629073	44629250	A
3	44921850	44922029	0
3	47405913	47405987	0
3	47414571	47414750	0
3	47852355	47852534	G
3	48157696	48157875	0
3	48517833	48518012	G
3	48673910	48674089	0
3	48751416	48751584	0
3	48983777	48983956	0
3	49108434	49108531	G
3	49176257	49176436	ct
3	49277144	49277266	C
3	49699667	49699772	ca
3	49968084	49968263	ga
3	50061138	50061221	A
3	50330424	50330580	0
3	52256839	52257018	ta
3	52487996	52488175	gc
3	52687501	52687616	0
3	53285933	53286112	ca
3	56569936	56570115	0
3	56615151	56615272	0
3	58149901	58150003	0
3	72376358	72376537	G
3	88054691	88054870	A
3	9476135	9476314	G
3	9702047	9702226	0
3	9917080	9917241	ga
3	9928398	9928486	0
3	9940850	9941001	ga
3	9944652	9944831	gt
4	10074476	10074655	0
4	102797136	102797315	T
4	103573519	103573683	0
4	112358681	112358860	0
4	1212254	1212433	0
4	122227129	122227308	ta
4	127965400	127965579	0
4	128270983	128271162	A
4	1315395	1315514	0
4	1329715	1329894	0
4	139389432	139389611	0
4	143185368	143185547	0
4	160910	161083	gt
4	1716506	1716685	0
4	173332699	173332878	A
4	17614704	17614814	0
4	176330381	176330560	T
4	17843407	17843586	0
4	17844090	17844269	ta
4	1813175	1813354	0
4	183280778	183280902	0
4	185144843	185145022	0
4	1935156	1935262	A
4	1944957	1945136	gt
4	1980835	1981014	ca
4	1982928	1983107	T
4	20724801	20724889	0
4	20752565	20752719	gt
4	2249965	2250144	0
4	2626460	2626578	0
4	2731803	2731982	A
4	2731869	2731998	0
4	2899590	2899769	T
4	2929911	2930029	ta
4	2929911	2930060	ta
4	2935254	2935433	ct
4	2935738	2935917	T
4	2937767	2937946	0
4	3240645	3240824	0
4	3316197	3316376	gt
4	39457461	39457640	0
4	39780734	39780913	T
4	41935172	41935351	0
4	42086919	42087098	ga
4	47959049	47959141	0
4	48849969	48850083	C
4	505717	505896	0
4	51914570	51914749	0
4	522005	522166	gt
4	53360	53492	ct
4	53451984	53452163	0
4	56032959	56033138	gt
4	56503341	56503520	0
4	6642308	6642487	ga
4	6674990	6675136	ga
4	6674992	6675136	ga
4	67720553	67720732	ca
4	6881044	6881223	T
4	70985135	70985314	ta
4	731003	731110	0
4	74174505	74174598	0
4	74183469	74183648	0
4	75645062	75645241	T
4	75950179	75950358	ta
4	76159016	76159195	ga
4	767063	767242	0
4	77034820	77034999	0
4	78842383	78842481	0
4	79308271	79308419	0
4	79906628	79906807	A
4	82353641	82353820	0
4	82354843	82355022	0
4	88727778	88727957	ct
4	88728735	88728914	ta
4	99061144	99061290	0
4	99948388	99948567	gt
5	103202278	103202457	ta
5	103277000	103277179	A
5	10433936	10434115	0
5	109689922	109690101	0
5	111106056	111106143	ga
5	112876835	112877014	A
5	112983971	112984127	0
5	113019487	113019666	0
5	126819007	126819144	ga
5	126836605	126836784	ta
5	127548570	127548749	T
5	128174539	128174628	0
5	131391245	131391424	0
5	131391961	131392140	T
5	132757924	132758103	ca
5	132879701	132879880	0
5	132987915	132988083	ct
5	134579534	134579713	0
5	134763990	134764092	ga
5	134856964	134857143	T
5	135028235	135028414	0
5	135174042	135174172	0
5	137752252	137752431	ta
5	137938863	137939042	A
5	137939923	137940102	0
5	137940088	137940225	ca
5	138347052	138347231	ga
5	138507459	138507638	0
5	138934489	138934668	0
5	139368968	139369147	T
5	139626943	139627122	gt
5	140243311	140243463	ct
5	141516444	141516623	G
5	142152828	142153007	T
5	143279572	143279751	T
5	144159650	144159829	T
5	14693094	14693273	ta
5	149496654	149496833	0
5	150710150	150710329	0
5	151804524	151804703	T
5	154190935	154191026	0
5	154459359	154459538	0
5	154817022	154817201	T
5	154875654	154875833	ct
5	163443825	163443925	0
5	163518245	163518424	T
5	168616884	168617040	C
5	169708169	169708269	0
5	176324629	176324757	gt
5	176508208	176508387	T
5	176527779	176527958	0
5	176658910	176659054	0
5	177298264	177298443	0
5	177306191	177306370	0
5	177331835	177332014	G
5	177372009	177372188	0
5	177594138	177594285	ga
5	179614390	179614569	A
5	179730965	179731144	gt
5	179775181	179775360	T
5	180577983	180578162	0
5	181224001	181224180	0
5	181224328	181224507	gt
5	181234034	181234213	0
5	181238523	181238702	ct
5	181239204	181239383	A
5	181261222	181261352	gc
5	21459500	21459584	0
5	31538482	31538577	0
5	32229641	32229777	0
5	32601974	32602153	0
5	34951252	34951431	gt
5	37064229	37064408	gt
5	37064611	37064790	0
5	37211723	37211887	0
5	43122058	43122178	0
5	43179828	43179921	0
5	43290447	43290626	0
5	478972	479151	gt
5	52787983	52788162	0
5	52908896	52909033	0
5	57231197	57231321	ga
5	62561134	62561257	ct
5	639087	639224	0
5	64720566	64720745	0
5	65822916	65823043	0
5	66080863	66081022	T
5	69104010	69104189	T
5	69116394	69116520	ga
5	71656800	71656979	T
5	72358252	72358431	0
5	72725794	72725973	0
5	72816599	72816752	C
5	72908960	72909139	A
5	73498555	73498734	0
5	75361113	75361292	0
5	75371574	75371753	ct
5	75596220	75596347	0
5	75596221	75596347	0
5	78388831	78388914	0
5	78480109	78480288	0
5	83056465	83056644	0
5	87376879	87377026	0
5	88436297	88436476	ct
5	91369408	91369587	0
5	91420286	91420465	A
5	95794995	95795174	A
5	96762868	96763047	0
5	96766055	96766146	0
6	106186322	106186501	0
6	107067300	107067479	ca
6	107869018	107869197	0
6	10851560	10851680	0
6	109367389	109367568	A
6	110893892	110894071	0
6	11135303	11135444	0
6	113995627	113995806	0
6	116277166	116277345	0
6	116366768	116366947	0
6	117710256	117710435	0
6	12123073	12123252	0
6	125978875	125979054	0
6	132459089	132459268	gt
6	13266728	13266907	0
6	135190175	135190347	ca
6	135218607	135218786	T
6	136260722	136260901	0
6	138793016	138793195	0
6	142147283	142147401	0
6	143428328	143428462	ga
6	145883984	145884163	0
6	147364004	147364171	0
6	149409743	149409922	0
6	149726004	149726183	A
6	150250279	150250390	gt
6	150866801	150866980	0
6	151034490	151034598	ct
6	158028755	158028880	0
6	158510198	158510377	0
6	159748349	159748528	A
6	159778871	159779044	0
6	159778871	159779050	0
6	159797347	159797518	0
6	160105085	160105213	0
6	161048929	161049108	T
6	161136116	161136295	ca
6	16146869	16147048	A
6	163573279	163573458	T
6	17615038	17615212	T
6	24424918	24425097	gt
6	24976478	24976657	ga
6	26124543	26124722	C
6	26468493	26468672	ca
6	26521738	26521917	ga
6	27838702	27838881	0
6	28906802	28906981	0
6	2900481	2900586	0
6	30490313	30490470	ga
6	30591152	30591331	0
6	30600691	30600870	0
6	30626854	30626992	0
6	30899665	30899844	ct
6	30914647	30914826	ct
6	30926107	30926235	0
6	31202372	31202479	0
6	31534834	31535013	ct
6	3154150	3154329	0
6	31548314	31548439	0
6	31625170	31625314	ct
6	31626094	31626273	A
6	31763040	31763168	0
6	31860222	31860401	gt
6	31970496	31970675	0
6	32155686	32155783	gt
6	32171722	32171832	ta
6	32184778	32184957	T
6	3287805	3287984	T
6	32978178	32978357	ga
6	32980809	32980988	C
6	33275498	33275597	0
6	33304159	33304338	0
6	33413741	33413833	0
6	33452633	33452812	C
6	34245071	34245250	C
6	34859281	34859460	0
6	34872530	34872709	gt
6	35575673	35575834	G
6	36230423	36230571	0
6	36230425	36230571	0
6	36232018	36232197	ca
6	36487973	36488152	0
6	36601990	36602128	0
6	36924888	36925067	ct
6	37174399	37174578	G
6	37331412	37331591	T
6	4021755	4021850	0
6	4040770	4040866	0
6	4062569	4062748	0
6	4087628	4087728	A
6	41101941	41102120	gt
6	4130258	4130362	gt
6	41601763	41601942	0
6	41784935	41785075	ca
6	41787174	41787353	0
6	41935572	41935751	G
6	42645465	42645583	ga
6	42929845	42929911	ga
6	43018862	43018971	0
6	43072165	43072256	0
6	43139405	43139530	ga
6	43143416	43143509	C
6	43181147	43181326	gt
6	43336071	43336213	0
6	43610554	43610650	0
6	43616904	43617083	0
6	43621323	43621502	ca
6	43784541	43784638	ct
6	43785005	43785184	ga
6	44148821	44148945	0
6	44155330	44155509	G
6	44361879	44361992	ga
6	47625167	47625346	0
6	52502348	52502527	C
6	57101787	57101966	ct
6	63211884	63212042	0
6	70667776	70667934	0
6	7249017	7249196	ga
6	7282945	7283124	T
6	75255749	75255928	T
6	7600157	7600336	ta
6	7882176	7882355	0
6	79702779	79702958	0
6	83145567	83145658	0
6	85607849	85608028	ta
6	87409833	87409949	ga
6	87506942	87507062	0
6	87511399	87511555	ta
6	87651171	87651313	0
6	96552480	96552595	T
6	96554039	96554218	A
6	99398738	99398917	A
6	99410761	99410940	ta
6	99531676	99531790	gt
7	100035804	100035983	ca
7	100353381	100353483	0
7	100680168	100680347	A
7	100868105	100868213	G
7	101221646	101221796	0
7	102451889	102452068	ct
7	103074969	103075148	C
7	103312549	103312728	ca
7	105090008	105090106	0
7	105107504	105107683	0
7	106660054	106660188	gc
7	107160134	107160313	ga
7	107904895	107905060	0
7	112467981	112468116	T
7	116289965	116290051	A
7	116339820	116339919	0
7	116339823	116339954	0
7	116497786	116497965	0
7	116506181	116506360	0
7	116861183	116861352	0
7	123541568	123541747	0
7	124929898	124930020	ca
7	125125859	125125977	ga
7	12636044	12636135	0
7	12689260	12689439	ta
7	128770203	128770382	A
7	130505984	130506163	ga
7	131489482	131489661	0
7	133480413	133480592	0
7	134290863	134291042	0
7	135576308	135576414	0
7	135630353	135630470	0
7	135675097	135675276	A
7	135691570	135691749	0
7	135928802	135928981	ga
7	137880114	137880293	G
7	139299236	139299415	A
7	139567227	139567406	ct
7	140084853	140085032	A
7	140453719	140453898	ca
7	140696681	140696825	0
7	143305248	143305427	0
7	1482874	1483053	ct
7	149266334	149266440	ca
7	149722441	149722554	ga
7	150332338	150332517	0
7	151014190	151014289	0
7	151077643	151077822	0
7	151123202	151123381	ct
7	151345345	151345467	A
7	151345348	151345467	A
7	151360148	151360327	0
7	151363119	151363298	A
7	151377273	151377452	0
7	152105280	152105371	0
7	152136303	152136482	ct
7	1542349	1542528	0
7	1545887	1546066	C
7	155308249	155308428	T
7	155308271	155308428	T
7	155308839	155309018	gt
7	155778793	155778972	gt
7	156963899	156964078	T
7	158934414	158934533	0
7	1614909	1615084	A
7	17880269	17880448	0
7	22813038	22813169	ca
7	22945402	22945581	0
7	23196674	23196766	ta
7	23196680	23196766	ta
7	23564164	23564340	0
7	2376867	2377046	ct
7	26191018	26191197	A
7	26212713	26212892	0
7	2730916	2731095	gt
7	27458362	27458541	G
7	33002718	33002839	0
7	34931176	34931355	A
7	43876341	43876520	ga
7	44212283	44212440	0
7	44834357	44834536	0
7	45076147	45076326	gt
7	45999695	45999874	0
7	4754737	4754916	0
7	4764129	4764308	ca
7	4784905	4785003	0
7	50401016	50401195	ga
7	50591410	50591589	ca
7	5231307	5231486	T
7	5606116	5606295	T
7	56068480	56068581	0
7	5621241	5621420	0
7	6022629	6022808	G
7	6162765	6162944	0
7	6402605	6402784	T
7	6461108	6461287	0
7	6463005	6463140	0
7	65066260	65066427	T
7	65755786	65755953	T
7	65955489	65955668	ca
7	66957101	66957280	0
7	72947680	72947859	0
7	73536776	73536955	ct
7	73696404	73696533	0
7	74108903	74109037	0
7	74196772	74196951	ct
7	75417174	75417353	0
7	76327045	76327224	C
7	87184394	87184542	T
7	890952	891068	0
7	895587	895766	G
7	92614920	92615099	0
7	93232410	93232501	A
7	93906736	93906827	0
7	93992568	93992747	0
7	96120823	96121002	0
7	99359588	99359738	ga
7	99396210	99396389	ct
7	99419818	99419966	gt
7	99558668	99558791	gt
7	99574074	99574253	ga
7	99723509	99723688	ca
8	100920501	100920680	A
8	101197728	101197907	0
8	102827036	102827215	A
8	106750903	106751082	ct
8	109242085	109242264	ct
8	109554769	109554895	0
8	11325831	11326010	G
8	11790041	11790199	0
8	11821787	11821878	0
8	11842582	11842761	T
8	11845108	11845287	0
8	123013387	123013566	T
8	123016362	123016541	ga
8	123126056	123126189	0
8	123814362	123814541	0
8	132794733	132794818	0
8	140511438	140511617	gc
8	142663830	142664009	ct
8	143020882	143020981	0
8	143652578	143652757	gt
8	143693707	143693886	0
8	143915907	143916086	gt
8	144312154	144312245	C
8	144391611	144391711	0
8	144521796	144521975	ga
8	144523145	144523324	ca
8	145055332	145055511	0
8	15673746	15673836	ca
8	1785918	1786097	ca
8	18057070	18057249	ca
8	20219862	20220041	gt
8	20221129	20221308	0
8	21970209	21970319	ta
8	22005498	22005677	gt
8	22098068	22098236	0
8	22104132	22104311	0
8	22176939	22177118	C
8	22176960	22177118	ca
8	22201716	22201895	0
8	22422177	22422356	ca
8	23246688	23246867	C
8	23483375	23483548	0
8	23566652	23566831	A
8	23567888	23568067	T
8	23570290	23570469	G
8	23571968	23572147	ga
8	26411841	26412020	0
8	27286832	27287011	0
8	27458766	27458945	ta
8	27776990	27777169	A
8	28970108	28970287	ca
8	29069067	29069246	gt
8	29138519	29138648	0
8	37861429	37861608	ga
8	38261176	38261355	ct
8	38842289	38842393	0
8	38852453	38852632	0
8	41490832	41490965	0
8	41622203	41622382	0
8	41931601	41931780	0
8	42272081	42272206	0
8	43078806	43078985	0
8	47293911	47294030	0
8	47964570	47964685	0
8	56960030	56960209	T
8	65717896	65718075	T
8	66985142	66985320	T
8	66986009	66986180	0
8	67095642	67095733	0
8	67197766	67197945	A
8	67200039	67200185	0
8	85107297	85107400	0
8	89934462	89934641	0
8	90001419	90001566	0
8	9139935	9140114	gt
8	93740171	93740350	0
8	94856816	94856978	ca
8	94975843	94975983	0
8	9722397	9722500	0
8	9735375	9735486	0
8	97722877	97723035	0
8	9779150	9779329	ta
9	100444623	100444802	T
9	107331391	107331570	ta
9	109020217	109020396	ct
9	112220091	112220270	T
9	112471552	112471731	C
9	114643506	114643685	ct
9	120406431	120406610	C
9	120761175	120761354	ca
9	121179894	121180073	A
9	122239862	122240041	ct
9	122984625	122984719	0
9	123112988	123113167	ct
9	124869277	124869439	0
9	124876631	124876810	gt
9	125148300	125148479	0
9	125235414	125235593	0
9	125438080	125438259	ca
9	126835280	126835459	T
9	127505639	127505818	C
9	127691529	127691708	0
9	127731821	127732000	0
9	127789761	127789940	0
9	127818612	127818712	0
9	128108258	128108437	gt
9	128120694	128120836	0
9	128163441	128163562	0
9	128378006	128378107	0
9	128389998	128390177	0
9	128695011	128695190	T
9	128916374	128916553	0
9	129071233	129071412	ga
9	129088981	129089160	T
9	129089008	129089160	T
9	129139948	129140127	C
9	129147385	129147486	0
9	129634053	129634161	ga
9	129637001	129637180	ga
9	129637671	129637850	0
9	130136270	130136449	ga
9	130581331	130581510	gt
9	130886452	130886631	0
9	131198846	131199017	G
9	131258655	131258834	0
9	131497059	131497238	gt
9	131578930	131579109	0
9	132670341	132670498	0
9	133341896	133342075	gt
9	133362124	133362303	ga
9	134030789	134030968	ca
9	134036422	134036563	ct
9	134438340	134438519	0
9	135808844	135809023	0
9	136116396	136116566	ga
9	136363366	136363545	gc
9	136412021	136412199	ct
9	136422382	136422561	0
9	136662925	136663062	0
9	136808162	136808330	0
9	136840320	136840463	0
9	137063171	137063350	0
9	137108383	137108544	0
9	137280070	137280249	0
9	137300533	137300712	T
9	137448028	137448207	C
9	137612914	137613007	0
9	137834954	137835105	ga
9	15461702	15461805	0
9	32424546	32424665	0
9	32551398	32551577	ga
9	33442683	33442862	0
9	35056878	35057057	0
9	35546614	35546793	0
9	35737130	35737309	0
9	36204067	36204180	0
9	37588803	37588933	ga
9	377074	377211	0
9	6506601	6506780	T
9	6757726	6757905	gc
9	68940679	68940792	0
9	69253235	69253414	ca
9	69254438	69254617	gt
9	77177685	77177864	ct
9	83660587	83660766	C
9	83968937	83969116	C
9	90897620	90897799	gt
9	93563969	93564148	ga
9	93677866	93678045	0
9	96146584	96146763	0
9	97330336	97330515	ga
9	98081160	98081264	0
9	98735213	98735392	0
9	99152717	99152896	0
9	99980616	99980795	0
MT	10715	10894	0
MT	13504	13683	0
MT	15712	15887	0
MT	3045	3225	0
MT	9110	9289	0
X	104190250	104190429	0
X	119012879	119013009	ca
X	119584191	119584370	T
X	119616607	119616747	gt
X	119618179	119618358	T
X	119619457	119619636	0
X	120439017	120439153	T
X	120524952	120525131	ga
X	123601236	123601340	0
X	124100692	124100871	0
X	129590951	129591130	ga
X	12976873	12977052	0
X	130129970	130130118	0
X	132130951	132131123	T
X	134473375	134473466	0
X	136874194	136874373	0
X	139727771	139727950	0
X	150693448	150693627	gc
X	150730120	150730211	0
X	150768590	150768769	0
X	150988122	150988301	ta
X	153347911	153348090	ta
X	153350493	153350672	0
X	153692450	153692629	0
X	154010643	154010822	0
X	154399851	154399942	0
X	154429083	154429262	ct
X	154436063	154436242	ct
X	154441505	154441684	0
X	154558528	154558637	0
X	16853270	16853449	T
X	18894329	18894508	0
X	20152077	20152256	ca
X	23351214	23351382	ca
X	24212597	24212776	0
X	25029694	25029872	T
X	40051665	40051844	ca
X	40600765	40600881	0
X	40650917	40651096	ta
X	41333903	41334082	ga
X	41349320	41349499	ta
X	46418658	46418828	ct
X	47229475	47229654	G
X	47567031	47567131	0
X	47636376	47636555	A
X	48578274	48578416	0
X	48708354	48708533	0
X	48806245	48806424	ta
X	48902217	48902364	0
X	48902230	48902364	0
X	48913642	48913821	gt
X	49242884	49242993	0
X	53086917	53087096	0
X	53192558	53192737	ga
X	53375179	53375358	0
X	53807793	53807972	0
X	53938975	53939154	0
X	54444799	54444978	0
X	54551564	54551683	0
X	71102769	71102948	A
X	71300077	71300221	0
X	71423115	71423264	0
X	71460635	71460805	0
X	71460635	71460806	0
X	71464701	71464880	A
X	71544863	71545042	0
X	71574211	71574390	0
X	72274041	72274220	0
X	73797594	73797773	A
X	73999630	73999809	0
X	74069232	74069411	0
X	77964652	77964831	T
X	81297801	81297980	ta
X	83749655	83749815	0
X	95499911	95500083	0
Y	13286885	13287064	ca
Y	18991356	18991535	0
Y	57208562	57208666	0
Y	57209219	57209313	0
