	nTracts	nucTracts	protein.nTracts	protein.nucTracts	pseudo.nTracts	pseudo.nucTracts	lncRNA.nTracts	lncRNA.nucTracts	NA.nTracts	NA.nucTracts
A	14908	105334	7238	47077	16	100	0	0	7654	58157
T	14802	104600	7186	46829	14	87	0	0	7602	57684
C	424	2718	244	1513	1	6	0	0	179	1199
G	422	2672	260	1620	2	12	0	0	160	1040
ta	13325	94356	4966	31695	13	84	0	0	8346	62577
ga	4306	27617	3157	20041	7	44	0	0	1142	7532
ca	2947	19223	1808	11465	2	12	0	0	1137	7746
gt	2870	18734	1790	11255	2	12	0	0	1078	7467
ct	4333	27651	3128	19833	6	38	0	0	1199	7780
gc	581	3682	226	1393	2	12	0	0	353	2277
aac	1177	12404	988	10496	2	18	0	0	187	1890
aag	2173	22134	1836	18830	NULL	0	0	0	337	3304
aat	2182	23494	916	9621	1	16	0	0	1265	13857
acc	498	4915	450	4447	2	22	0	0	46	446
gac	186	2013	176	1909	NULL	0	0	0	10	104
act	343	3370	219	2135	NULL	0	0	0	124	1235
cag	581	6330	513	5638	2	24	0	0	66	668
agg	320	3222	281	2852	NULL	0	0	0	39	370
atc	1328	13458	1180	12014	1	9	0	0	147	1435
cgg	58	547	42	400	NULL	0	0	0	16	147
break1	903	903	142	142	0	0	0	0	761	761
break2	493	986	102	204	0	0	0	0	391	782
break3	487	1461	110	330	0	0	0	0	377	1131
