	nTracts	nucTracts	protein.nTracts	protein.nucTracts	pseudo.nTracts	pseudo.nucTracts	lncRNA.nTracts	lncRNA.nucTracts	NA.nTracts	NA.nucTracts
A/T	4371165	33039856	1582585	12276588	42876	312912	138072	1048950	2607632	19401406
C/G	784119	5299086	312228	2130371	6510	43153	27292	185324	438089	2940238
ta	2131883	15713695	713040	5176484	21682	158728	66666	492250	1330495	9886233
ct/ga	4552660	35239531	1714714	13074722	42032	315815	162462	1275147	2633452	20573847
ca/gt	4984480	46434851	2037785	18815861	39362	348200	174118	1645849	2733215	25624941
gc	82224	634690	40183	306365	605	4440	2519	19697	38917	304188
aac	167340	2051617	61318	747490	1498	17972	5844	71307	98680	1214848
aag	221940	2675811	74717	868820	2833	32367	7738	95738	136652	1678886
aat	198158	2260060	66531	760110	1908	20820	6394	74036	123325	1405094
acc	135121	1600120	59453	698385	1424	15985	4957	59120	69287	826630
gac	4315	55386	1919	23400	54	677	166	2198	2176	29111
act	37644	447168	14447	167505	361	3961	1184	14729	21652	260973
cag	134650	1442131	62743	666051	1498	15926	4551	47970	65858	712184
agg	265144	2996189	106360	1177759	2500	28003	9789	110770	146495	1679657
atc	100662	1137918	35095	397411	1493	15937	3333	38113	60741	686457
cgg	13031	143053	8268	91015	133	1383	298	3258	4332	47397
break1	728085	728085	275913	275913	5265	5265	25559	25559	421348	421348
break2	259458	518916	96856	193712	2098	4196	9076	18152	151428	302856
break3	222132	666396	85962	257886	1641	4923	7956	23868	126573	379719
