	nTracts	nucTracts	protein.nTracts	protein.nucTracts	pseudo.nTracts	pseudo.nucTracts	lncRNA.nTracts	lncRNA.nucTracts	NA.nTracts	NA.nucTracts
A	2249869	17169904	812935	6294701	17733	132486	136667	1051153	1282534	9691564
T	2260748	17259642	817939	6335905	17932	134965	135235	1038313	1289642	9750459
C	379647	2726799	161514	1163963	2548	17997	27613	199175	187972	1345664
G	380203	2728529	161082	1160102	2535	17848	27642	198884	188944	1351695
ta	2263277	16738681	774438	5665931	16615	121304	137859	1024361	1334365	9927085
ga	2155274	16925044	832166	6370580	17078	127986	155155	1233358	1150875	9193120
ca	2260784	20321362	938607	8356688	15447	128116	161193	1473918	1145537	10362640
gt	2273751	20444729	945540	8408064	15200	123286	160415	1466743	1152596	10446636
ct	2158649	16949805	835055	6395061	17254	128388	154738	1237414	1151602	9188942
gc	65968	484990	36668	266081	456	3089	4067	30669	24777	185151
aac	188107	2372743	71353	886513	1360	16744	12449	158640	102945	1310846
aag	231388	3278161	79214	1041090	2526	30187	15920	234584	133728	1972300
aat	223964	2591460	79018	896521	1488	16875	14036	163432	129422	1514632
acc	141168	1557702	63281	691973	1263	13190	9683	108311	66941	744228
gac	2746	31227	1468	16213	21	214	173	2011	1084	12789
act	37379	406936	14576	155539	291	3100	2282	24984	20230	223313
cag	145600	1513605	66184	686495	1653	17193	9920	104555	67843	705362
agg	244432	3038997	99479	1197653	2146	25486	18229	230208	124578	1585650
atc	102767	1056977	35132	363125	1380	13764	6686	69544	59569	610544
cgg	12681	140216	9732	108136	141	1444	551	6068	2257	24568
break1	627969	627969	235937	235937	3664	3664	44617	44617	343751	343751
break2	225387	450774	88061	176122	1207	2414	16282	32564	119837	239674
break3	222029	666087	83293	249879	1370	4110	15814	47442	121552	364656
