	nTracts	nucTracts	protein.nTracts	protein.nucTracts	pseudo.nTracts	pseudo.nucTracts	lncRNA.nTracts	lncRNA.nucTracts	NA.nTracts	NA.nucTracts
A/T	305246	2229535	188199	1386921	454	3263	7469	57155	109124	782196
C/G	29215	206219	18254	128596	13	88	873	6270	10075	71265
ta	150825	1081700	97802	708283	221	1578	3447	24922	49355	346917
ct/ga	83573	570644	54937	376368	131	859	1872	13080	26633	180337
ca/gt	160694	1186287	107466	796043	128	813	4138	31303	48962	358128
gc	17187	108577	12014	76051	24	147	349	2204	4800	30175
aac	21198	223257	14827	157436	29	294	555	5741	5787	59786
aag	8501	84931	6045	60460	20	191	195	1969	2241	22311
aat	23671	256937	14062	152907	31	301	509	5461	9069	98268
acc	8117	84110	6279	65354	6	64	172	1786	1660	16906
gac	4383	44867	3259	33396	3	27	127	1329	994	10115
act	2607	27179	1826	19182	3	28	47	515	731	7454
cag	23197	261669	18132	205889	21	220	468	5314	4576	50246
agg	8028	83262	6473	67145	17	158	134	1400	1404	14559
atc	8808	95265	5942	64436	9	90	300	3350	2557	27389
cgg	5752	57621	4738	47480	14	126	103	1017	897	8998
break1	19014	19014	12927	12927	15	15	549	549	5523	5523
break2	8426	16852	5582	11164	8	16	219	438	2617	5234
break3	8380	25140	5490	16470	6	18	204	612	2680	8040
