	nTracts	nucTracts	protein.nTracts	protein.nucTracts	pseudo.nTracts	pseudo.nucTracts	lncRNA.nTracts	lncRNA.nucTracts	NA.nTracts	NA.nucTracts
A/T	7119220	55290931	3059239	24225843	39076	304835	860949	6552261	3159956	24207992
C/G	610474	3839875	295909	1864599	4826	30235	67055	420818	242684	1524223
ta	2764278	19948282	1076769	7709855	13479	97410	363427	2622496	1310603	9518521
ct/ga	3679922	25030351	1511996	10228350	22540	150585	471931	3222651	1673455	11428765
ca/gt	3371036	25125048	1368501	10247800	20111	144507	392388	2960443	1590036	11772298
gc	71160	476554	42198	281762	814	5250	5971	40330	22177	149212
aac	146447	1720479	61216	722951	960	11142	18366	213159	65905	773227
aag	183583	1859914	73289	738483	1599	16208	24509	246237	84186	858986
aat	354543	3830250	141170	1529355	1560	17548	46956	501635	164857	1781712
acc	238069	2302369	115026	1113334	1866	18038	24938	241376	96239	929621
gac	1396	13915	883	8972	20	188	110	1092	383	3663
act	36093	352788	16839	164775	206	1969	4243	41277	14805	144767
cag	131277	1290291	62717	621695	1728	17228	15071	147575	51761	503793
agg	183239	1856718	86828	880177	1933	19758	21709	219328	72769	737455
atc	123075	1223664	47154	475543	1116	11132	14451	144077	60354	592912
cgg	21519	238061	14820	166444	345	3691	1340	14426	5014	53500
break1	472716	472716	196979	196979	2562	2562	57017	57017	216158	216158
break2	190642	381284	79057	158114	970	1940	23550	47100	87065	174130
break3	205386	616158	85273	255819	1026	3078	25154	75462	93933	281799
