	nTracts	nucTracts	protein.nTracts	protein.nucTracts	pseudo.nTracts	pseudo.nucTracts	lncRNA.nTracts	lncRNA.nucTracts	NA.nTracts	NA.nucTracts
A	3405662	27242889	1418146	11500490	21027	166767	103244	815155	1863245	14760477
T	3411053	27266809	1415919	11473239	21121	168238	104173	819408	1869840	14805924
C	277184	1760941	128515	815715	1606	10416	7755	49052	139308	885758
G	276681	1758516	128242	813918	1684	10594	7600	48084	139155	885920
ta	2487035	17428390	938168	6541753	14815	103210	79472	556252	1454580	10227175
ga	1725401	11818670	684207	4649560	11334	77552	57146	392772	972714	6698786
ca	1543299	11584422	630195	4692604	9433	69449	47933	358921	855738	6463448
gt	1544920	11582212	628619	4674542	9571	70259	48323	362067	858407	6475344
ct	1725886	11818471	683871	4645288	11252	76476	57366	394390	973397	6702317
gc	70671	475048	39257	262374	444	2964	1614	10895	29356	198815
aac	146677	1763546	57231	685054	989	11920	4593	54820	83864	1011752
aag	185116	1918058	69289	707085	1594	16415	6232	64245	108001	1130313
aat	337471	3662621	125855	1364988	1996	22101	11204	120349	198416	2155183
acc	221814	2142263	100822	973064	1630	15799	6142	59348	113220	1094052
gac	1632	16491	1045	10556	19	179	27	276	541	5480
act	36783	362937	16372	161235	213	2053	1145	11250	19053	188399
cag	126980	1249426	58745	582771	1203	11930	3672	36006	63360	618719
agg	173499	1770837	78474	796255	1305	13438	5303	54535	88417	906609
atc	107608	1073649	42194	423932	938	9381	3650	36542	60826	603794
cgg	18966	205767	12926	141187	160	1631	290	3210	5590	59739
break1	439032	439032	176648	176648	2603	2603	13283	13283	246498	246498
break2	170791	341582	68006	136012	1082	2164	5250	10500	96453	192906
break3	234875	704625	97857	293571	1370	4110	6888	20664	128760	386280
