	nTracts	nucTracts	protein.nTracts	protein.nucTracts	pseudo.nTracts	pseudo.nucTracts	lncRNA.nTracts	lncRNA.nucTracts	NA.nTracts	NA.nucTracts
A	2928701	22798056	1280996	10076066	18710	142038	234200	1808041	1394795	10771911
T	2940865	22889788	1290118	10146271	19533	148683	235262	1817491	1395952	10777343
C	511530	3453191	240532	1629987	2512	16758	34324	231662	234162	1574784
G	511437	3456248	240996	1635407	2401	15952	34164	230367	233876	1574522
ta	2125163	15094399	875869	6156589	14647	103868	180291	1282200	1054356	7551742
ga	2203882	17482508	957350	7592695	14279	112680	178282	1404012	1053971	8373121
ca	1295327	9755082	580906	4340290	7772	57477	101617	768921	605032	4588394
gt	1297741	9781923	582948	4362300	7908	58986	101940	775815	604945	4584822
ct	2206166	17480945	956921	7582448	14141	111682	176939	1389254	1058165	8397561
gc	83195	550990	43750	290969	474	3108	4224	28077	34747	228836
aac	100196	1159119	41788	477482	681	7807	8419	97870	49308	575960
aag	173309	1952937	68608	738638	1535	16294	14695	168174	88471	1029831
aat	261872	2775560	106187	1120827	1724	18153	22355	237102	131606	1399478
acc	85865	888435	41529	429787	775	7764	6435	66401	37126	384483
gac	2192	22536	1285	13330	27	308	107	1100	773	7798
act	32741	329941	15521	155440	214	2137	2660	26839	14346	145525
cag	94760	937884	48462	481914	887	9136	6823	67176	38588	379658
agg	168281	1722832	79247	805583	1078	11127	12569	128613	75387	777509
atc	84028	856077	36983	373928	774	8026	7016	71673	39255	402450
cgg	28525	317375	16689	190907	218	2265	1213	12855	10405	111348
break1	492542	492542	213887	213887	2995	2995	38272	38272	237388	237388
break2	198078	396156	85507	171014	1297	2594	15602	31204	95672	191344
break3	256754	770262	111245	333735	1523	4569	20018	60054	123968	371904
